data/All_Rasters_Scaled.asc
NCOLS 155 
NROWS 234 
XLLCORNER 671608.766412371 
YLLCORNER 2841800.37641243 
CELLSIZE 50 
NODATA_value -9999 
[rows 88 to 109 of 234, columns 49 to 97 of 155]
1.7310832324389e-08 2.41685466448385e-08 3.32257630040928e-08 4.52018090380502e-08 6.09752606545499e-08 8.15572574006719e-08 1.08162409789912e-07 1.42229116264107e-07 1.88677862146445e-07 2.45881441307107e-07 3.18683379116082e-07 4.11157313761802e-07 5.28491018641987e-07 6.77450038653738e-07 8.66756483562902e-07 1.11039828544527e-06 1.42011697033859e-06 1.81617983267969e-06 2.32216164365888e-06 2.96649752048654e-06 3.78229335163969e-06 4.80641342726815e-06 6.07755970724167e-06 7.63307907547553e-06 9.50430330758058e-06 1.17104143003445e-05 1.42511148706857e-05 1.70988853392493e-05 2.01920404920386e-05 2.34303507323516e-05 2.66750885430338e-05 2.97551799132752e-05 3.24801576637294e-05 3.46593144139756e-05 3.61246601947419e-05 3.67539589582932e-05 3.64893169857017e-05 3.5347236266142e-05 3.34176852518573e-05 3.08520923109989e-05 2.79033137838558e-05 2.54714479698923e-05 3.09071597223886e-05 0.000128952181999951 0.00123743290193859 0.0067545306416204 0.0227375367031394 0.0164142219882398 0.00274345518132161
2.25112862732649e-08 3.14788227475689e-08 4.3335199718408e-08 5.90037859506041e-08 7.96410593526196e-08 1.06549284790627e-07 1.41300309552962e-07 1.85744151743939e-07 2.46545993961631e-07 3.21214174679507e-07 4.16229369853366e-07 5.3696577718689e-07 6.90300576999192e-07 8.85294209721607e-07 1.13370962443483e-06 1.45524813083488e-06 1.86538861712212e-06 2.39263545556137e-06 3.07018526751743e-06 3.93850864668707e-06 5.04531531241024e-06 6.44452470780077e-06 8.19381182854496e-06 1.03502836035534e-05 1.29639036096974e-05 1.60685437051225e-05 1.96709882552252e-05 2.37389056693364e-05 2.81896597645215e-05 3.28826259611216e-05 3.76179780043324e-05 4.21447408367361e-05 4.61794526438584e-05 4.94346576108701e-05 5.16538244963656e-05 5.26469244441282e-05 5.23196408364714e-05 5.06898607636588e-05 4.78871981283392e-05 4.41359832015416e-05 3.98798165231188e-05 3.66971242280459e-05 4.42854969742639e-05 0.000163970090319361 0.001762956217014 0.0104263491053707 0.0197452089146028 0.0120829877961271 0.00377336422909217
5.12931410497832e-08 6.76027748586904e-08 8.81652251327619e-08 1.14077135248901e-07 1.46733078184806e-07 1.87661062067077e-07 2.38703927458786e-07 3.02027867265304e-07 3.8629020161492e-07 4.87669054166634e-07 6.14496701053106e-07 7.73592820077914e-07 9.7379159475205e-07 1.22693185884798e-06 1.54854586640706e-06 1.96585512747523e-06 2.49884005400114e-06 3.18686359713362e-06 4.07577830111347e-06 5.22203580177292e-06 6.69293557491152e-06 8.5655449081054e-06 1.09236628555516e-05 1.38520891631516e-05 1.74275733342126e-05 2.17060787126009e-05 2.67067004071244e-05 3.23936151450656e-05 3.86587219229655e-05 4.53089499220895e-05 5.20629027065488e-05 5.85610641390449e-05 6.43920732225369e-05 6.91340632312189e-05 7.24062961751606e-05 7.39224944521045e-05 7.35352622666893e-05 7.12618379909472e-05 6.72848095076507e-05 6.19295879080477e-05 5.5895428327138e-05 5.17600950624363e-05 6.31604273080133e-05 0.000175958894158927 0.00131591824198311 0.0076547416006487 0.0161112817671604 0.0114167227253476 0.00683931930671312
7.2976630122427e-08 9.53441772288519e-08 1.23294337838177e-07 1.58157545926436e-07 2.01675375716218e-07 2.55717549306263e-07 3.2254355394051e-07 4.04804121348661e-07 5.13713118706279e-07 6.43919798597104e-07 8.06142202551789e-07 1.00908471564464e-06 1.26406790933803e-06 1.58642925783269e-06 1.99639353822192e-06 2.53085188794722e-06 3.21501270850208e-06 4.10198827095758e-06 5.25358454733282e-06 6.74655827326675e-06 8.67334434525139e-06 1.11410667444904e-05 1.42679105363571e-05 1.81757488370355e-05 2.29779697035712e-05 2.87618415177302e-05 3.55656509282171e-05 4.33524578149808e-05 5.1984172859343e-05 6.12017050128224e-05 7.06181552155823e-05 7.97313839971957e-05 8.79600346247096e-05 9.47019282632336e-05 9.94082563021096e-05 0.000101660907568104 0.000101237873149482 9.81520222133205e-05 9.26537950628202e-05 8.52054507768048e-05 7.6768628222103e-05 7.06989118689384e-05 8.30617350815074e-05 0.000174978789615304 0.000587115555476751 0.00217076352856979 0.00587257412270391 0.00750406235127142 0.0193078833385385
1.04536648805313e-07 1.35426574155368e-07 1.7367266427296e-07 2.20869929084292e-07 2.79175123849857e-07 3.50848160439125e-07 4.38626284609459e-07 5.45711912539267e-07 6.86333040403262e-07 8.53283745535299e-07 1.06008722791325e-06 1.31766682866349e-06 1.64025610518543e-06 2.04734838285021e-06 2.56474347063364e-06 3.24129872740915e-06 4.10808315407154e-06 5.23507942145686e-06 6.7036280293295e-06 8.61553916759566e-06 1.10945518940011e-05 1.42856117776138e-05 1.83506993776018e-05 2.34595693521558e-05 2.9773803386396e-05 3.74229978500462e-05 4.64732448578459e-05 5.68901658501119e-05 6.85016365938164e-05 8.09682196575711e-05 9.37712244895838e-05 0.000106227820799159 0.000117539075265092 0.00012687019622761 0.000133453669367423 0.000136698186263248 0.000136281421618668 0.000132206419149493 0.000124807174067138 0.000114725012721823 0.000103173487049292 9.38781192277907e-05 0.000102872958685452 0.000198640187482319 0.000835278654302101 0.00317057362135 0.00616250418393383 0.00716046504402998 0.0094937550299129
1.50387569880775e-07 1.93296089427932e-07 2.4593765624845e-07 3.10201278658762e-07 3.88734400965098e-07 4.84231614605292e-07 5.999657962008e-07 7.39750658324339e-07 9.21253307818891e-07 1.13510195785529e-06 1.39801441695907e-06 1.7234531225643e-06 2.12895779385448e-06 2.63881350465109e-06 3.28524544268342e-06 4.13139799964614e-06 5.21472895520624e-06 6.62520544663735e-06 8.46729565530223e-06 1.08726665893876e-05 1.40026619245545e-05 1.80481038818839e-05 2.32246141284706e-05 2.97613304634265e-05 3.78804914798076e-05 4.77662069182915e-05 5.9522247149819e-05 7.31217306935117e-05 8.83554301400862e-05 0.000104789665078754 0.000121747384070957 0.000138325620430672 0.000153457979569735 0.000166021470617517 0.000174975549530732 0.000179510307377015 0.000179174011845818 0.000173951626700511 0.000164275205296426 0.000151005516075276 0.000135646266858108 0.000122238965213843 0.000126294765623366 0.000262002383693246 0.0019785678833282 0.00845273218347973 0.0130191295257438 0.0118859242253819 0.0131975661167831
2.16662410575029e-07 2.76508393325934e-07 3.49282744172953e-07 4.3719472126892e-07 5.43463698418311e-07 6.71254231639238e-07 8.24422359081595e-07 1.00743683983975e-06 1.24174904349416e-06 1.51555317487822e-06 1.84907773683181e-06 2.25859953002193e-06 2.76527564483805e-06 3.39874571045007e-06 4.19839744326364e-06 5.24377662898992e-06 6.57911226299852e-06 8.31717699666132e-06 1.05888286936682e-05 1.35599827399197e-05 1.74354263313985e-05 2.24593545433572e-05 2.89103559137176e-05 3.70879296236117e-05 4.7287067139109e-05 5.97584156519263e-05 7.46534911948409e-05 9.19586776981619e-05 0.000111428654472841 0.000132536627249069 0.000154484469220201 0.000176310099689692 0.000197067203567319 0.00021583812157576 0.000231287167422504 0.000241124625237736 0.000242672263556104 0.000234747549693083 0.000218861162560774 0.000198185762114463 0.000175896434866283 0.000156515819904636 0.000154631353054147 0.000269383997666046 0.00176932305333035 0.007849003494109 0.0207277475331882 0.0190576821563854 0.0196955704823224
3.11727656771224e-07 3.95371599370878e-07 4.9625476325366e-07 6.16934489927517e-07 7.6129632216799e-07 9.33006832952302e-07 1.136553574479e-06 1.37710158213345e-06 1.68013101774938e-06 2.03124461023854e-06 2.45442214136278e-06 2.96900297549405e-06 3.59999783039449e-06 4.38288370350946e-06 5.36480202824168e-06 6.64336605053362e-06 8.26983897533507e-06 1.03819445598345e-05 1.31394397499645e-05 1.67458651507282e-05 2.14539815479721e-05 2.75672812465367e-05 3.54347501088606e-05 4.54352255557849e-05 5.79464930326406e-05 7.32959729039009e-05 9.16919037218691e-05 0.000113139973167472 0.000137368084268334 0.000163792418668808 0.000191689322415219 0.000220722443871012 0.000251681690407511 0.000286081233495509 0.000322719660996654 0.000353121584934029 0.00036368027715926 0.000347082993029635 0.000310146281379073 0.000267066790169557 0.000227856142281837 0.000197194015708524 0.000185994025185752 0.000248978281661607 0.00102841462538668 0.00620992982079377 0.0181560914543302 0.0177623449316058 0.0144788312194485
4.46653296077705e-07 5.63483230706261e-07 7.03337128722675e-07 8.6915767245601e-07 1.06555180236717e-06 1.29669701183106e-06 1.56772042128236e-06 1.88447123372103e-06 2.27650612566473e-06 2.72676325972177e-06 3.26304371869588e-06 3.90789309106961e-06 4.69025867463001e-06 5.65178839899935e-06 6.84776489222382e-06 8.39483470549271e-06 1.03515442208735e-05 1.28817662384838e-05 1.61756383186765e-05 2.04762369360778e-05 2.6086860656705e-05 3.33737021557633e-05 4.2760476129372e-05 5.47107671454984e-05 6.96914910278929e-05 8.8113658115093e-05 0.000110248674582223 0.000136128436326761 0.000165492130566973 0.000197866452481176 0.00023342273381418 0.000275264484664382 0.000332670283324135 0.00041936650262321 0.000537250681961106 0.000652513366379516 0.000702577862768033 0.000651690412950822 0.000531027980316035 0.000404105676234805 0.000309123929498948 0.000249032255018466 0.000220875260846838 0.000259679986450906 0.000783591815307631 0.0047142740166707 0.0129837903300772 0.0179590925169604 0.0218794227182465
6.35864296125448e-07 7.98579704019898e-07 9.92062217753792e-07 1.21964594221072e-06 1.48674329139221e-06 1.79800060005042e-06 2.15914598442081e-06 2.57663101306385e-06 3.08388023537163e-06 3.66116275483688e-06 4.33989516259599e-06 5.14574303116641e-06 6.11133644926819e-06 7.28445307632636e-06 8.72840123688594e-06 1.0578640310849e-05 1.29010287867274e-05 1.58853544430165e-05 1.97521499191528e-05 2.47841047042566e-05 3.13352716761418e-05 3.98350760046572e-05 5.07828553987871e-05 6.4728509017135e-05 8.22303939014094e-05 0.000103786304863179 0.000129734823727083 0.000160143396149685 0.000194862711740194 0.00023399178243366 0.000280876619723159 0.000350126288049812 0.000479913808736801 0.000728710729820397 0.00111803082012342 0.00153314192751692 0.00172833124258727 0.00155372058829528 0.00113870665538628 0.000732371324070135 0.000464926159348962 0.000325213740642308 0.000263992889675195 0.00028109610389367 0.000554685591071212 0.00205616182140414 0.0127852599407855 0.0643679476369693 0.0354002562526615
8.97592406133658e-07 1.12305990652197e-06 1.3895946679669e-06 1.70093865502395e-06 2.06336229922037e-06 2.48190543989773e-06 2.9628142912304e-06 3.51299989399924e-06 4.16929234915e-06 4.90941848602504e-06 5.76799005221234e-06 6.77357607263831e-06 7.96203532419399e-06 9.38702644773123e-06 1.11194802070149e-05 1.3312283709571e-05 1.60387131862298e-05 1.95126519145548e-05 2.39834198438271e-05 2.97710261710483e-05 3.72773202813521e-05 4.69913638362774e-05 5.94838009514952e-05 7.53864095461765e-05 9.53448115372105e-05 0.000119940538986802 0.000149578518308452 0.000184372538186547 0.00022446617223876 0.000271397703214585 0.000336068248381092 0.000460830664396843 0.000757135500851638 0.0014109975278883 0.00254080037476442 0.00385756715422063 0.00452083530106054 0.00394772173599731 0.00264419335299739 0.00147000566759296 0.000768332167131797 0.000445237946748045 0.000320245302385236 0.000314022769056246 0.000515563715890239 0.00129105279502579 0.00569443960292586 0.0235378379291398 0.0114899873493813
1.25426251135312e-06 1.56446641995066e-06 1.92933667427447e-06 2.35302813926791e-06 2.84270301486495e-06 3.40369415941915e-06 4.04262923780822e-06 4.76666540925016e-06 5.61535322719318e-06 6.56417377242629e-06 7.65037442951441e-06 8.90520588428946e-06 1.03673080738984e-05 1.20960097871946e-05 1.41694929674722e-05 1.67559781419691e-05 1.99367646080755e-05 2.39469548660481e-05 2.90616896040731e-05 3.56338364742227e-05 4.41067838679551e-05 5.50210332959803e-05 6.90081838416325e-05 8.67705869544972e-05 0.00010902917547826 0.000136439526524726 0.000169467882653317 0.000208285919254178 0.000253532578199705 0.000309171394633982 0.000398985052187214 0.00062182681994802 0.00127957509699459 0.00278796154406089 0.00544245247493546 0.0089872214718048 0.0109706123963482 0.00925219407328609 0.00566542370581576 0.00279967050838832 0.00126202567684358 0.000617180622829324 0.000389299836267861 0.000346101401693957 0.000502062970767962 0.0011304354909218 0.00429161034227078 0.0146801237878513 0.0108207114405326
1.73278107708053e-06 2.15585198610355e-06 2.65134954615122e-06 3.22387209559301e-06 3.88145168661318e-06 4.62953645654828e-06 5.47489564864683e-06 6.42459897666251e-06 7.51990229017836e-06 8.73428177998964e-06 1.0106684647757e-05 1.16704637770408e-05 1.34660974321926e-05 1.55578499205026e-05 1.80300923078517e-05 2.10627781550048e-05 2.47455007096062e-05 2.93298960203527e-05 3.51122705227017e-05 4.24718456085561e-05 5.18848839040769e-05 6.39323599244483e-05 7.92933133419431e-05 9.87260852494005e-05 0.000123011956818959 0.000152868592757052 0.000188817569534955 0.00023109542735279 0.000280888401848876 0.000344852664683973 0.000464361010052041 0.00092192115271844 0.00302085871091002 0.00698992135511426 0.0110043887210911 0.0182114158282712 0.0276057781921591 0.0194328070855185 0.0100682353215594 0.00452227743324837 0.00184782365403294 0.000809309109954327 0.000462765682177197 0.000371817433970041 0.000452501991937791 0.000918558870670799 0.00329505795114613 0.0102736321092979 0.00741564120071461
2.36372892182534e-06 2.9347429822174e-06 3.60108640588629e-06 4.36783344053923e-06 5.24380599663959e-06 6.23432378284703e-06 7.34598838381307e-06 8.58531941776403e-06 9.99401631728988e-06 1.15438532644745e-05 1.32743652522951e-05 1.52203568905164e-05 1.74231357508508e-05 1.9951138100134e-05 2.28938344555339e-05 2.64387745176476e-05 3.068438286853e-05 3.58932606482822e-05 4.23771222270056e-05 5.05334284986624e-05 6.08602548016242e-05 7.39650714075994e-05 9.0557088646502e-05 0.00011143260990076 0.000137414932244402 0.000169271205311874 0.000207575765652889 0.000252635818169194 0.000305972996344537 0.000375826105876693 0.000521699342015721 0.00142923087238453 0.0070753168557868 0.0178458835692653 0.0224905564175254 0.0355319467549679 0.115695731175257 0.0507587548923156 0.0138042957696795 0.00583271059076169 0.00227850175476742 0.000957789421935177 0.000529083031886861 0.000398862041184186 0.000403167117710677 0.000718003863337927 0.005126119231026 0.0611773066990971 0.0198916465987218
3.18140822746541e-06 3.9432631376714e-06 4.82960247410461e-06 5.84603699198261e-06 7.00201869126725e-06 8.30246161256194e-06 9.75338393243302e-06 1.13601853535112e-05 1.31635896011006e-05 1.51339634017166e-05 1.73101956600435e-05 1.97278966237582e-05 2.24282669137294e-05 2.54832844476779e-05 2.89866732304193e-05 3.31294825344156e-05 3.80200184983503e-05 4.39262227913329e-05 5.11692600301339e-05 6.01562517504872e-05 7.13951513408079e-05 8.55046536515013e-05 0.000103205249696539 0.000125312851681865 0.000152674173656371 0.000186098212840312 0.000226219899572805 0.000273442883870399 0.000329294956780165 0.000401604611471761 0.000544785351357514 0.00136556800754636 0.00669624255811316 0.0203055605299316 0.0289468040318357 0.031122686613503 0.0678469396068039 0.036493540569192 0.013755978730851 0.00600781766528391 0.0023857568015999 0.00103012898078395 0.000585952715773784 0.000436907282548693 0.000392660547365406 0.000575370403191757 0.00281966937637066 0.0180813501372066 0.0163729948716146
4.22201166353559e-06 5.22584833635222e-06 6.39074245982644e-06 7.72294145352123e-06 9.23227559025909e-06 1.09229326092181e-05 1.27998524120662e-05 1.48666318784032e-05 1.71615129479745e-05 1.96536902712475e-05 2.23802126724097e-05 2.53769121906411e-05 2.86841881921301e-05 3.23772499127072e-05 3.65537013935293e-05 4.1404665545344e-05 4.70499167931919e-05 5.37577404515158e-05 6.18531022752643e-05 7.1744610592226e-05 8.39381428924753e-05 9.90483754799674e-05 0.000117788477619121 0.000140977804982384 0.000169470758053046 0.000204121568998311 0.000245654095153787 0.000294651944480017 0.000352559914169463 0.000425703855572586 0.000548668010624348 0.000941334954000858 0.00302026152545222 0.0119795223297683 0.0241427991410713 0.0203801169237869 0.02160230891674 0.0184186286343203 0.0111855605606684 0.00533823564558803 0.00228928475622417 0.00107105357730508 0.000648780957268261 0.000492449429446725 0.000426309877624675 0.000601413557772586 0.0023044700086919 0.00846380064901101 0.0189054364453413
5.52169190258517e-06 6.82688843821794e-06 8.33830592478972e-06 1.00629768185882e-05 1.20107498020073e-05 1.41847676518847e-05 1.65883142851056e-05 1.92224083646227e-05 2.2121363578296e-05 2.52533822130281e-05 2.86526376932777e-05 3.23549059528642e-05 3.6399579968071e-05 4.0865461471097e-05 4.58545955930458e-05 5.15562677941068e-05 5.81043594909164e-05 6.57643822891546e-05 7.48615579244777e-05 8.58010582713399e-05 9.90796472053096e-05 0.000115299889285631 0.000135157897747113 0.000159470748981931 0.000189089442085889 0.000224924805508658 0.000267829710862452 0.000318728381751775 0.000379374938248196 0.000455443062991027 0.000570287089208938 0.000831241256450842 0.00254432558677913 0.0169080119991718 0.040229216807803 0.0194608400167116 0.0141919784250346 0.0129070328107165 0.00873021493383726 0.00468621954101915 0.00225410400209573 0.00115963855551473 0.000741503481397768 0.000571319988896848 0.000485282194056625 0.000611545568730758 0.00205616137256125 0.0109365793334754 0.0455546335006103
7.11381475870689e-06 8.78736095766445e-06 1.07219693442159e-05 1.29256792028772e-05 1.54078732785556e-05 1.81703679822993e-05 2.12141661974284e-05 2.4536893965874e-05 2.81676769829371e-05 3.20738882281592e-05 3.62861664882839e-05 4.08404665329675e-05 4.57758061338944e-05 5.1175982153646e-05 5.71494918397904e-05 6.3884242564598e-05 7.15322027103159e-05 8.03557314626776e-05 9.06789845554887e-05 0.000102901530340318 0.000117507004038362 0.000135081047429486 0.000156297626157419 0.000181973458942661 0.000212952580803138 0.000250235743055158 0.000294883322986966 0.000348440911071269 0.000413827669218005 0.000498307614564238 0.000622595687809134 0.000862229200879267 0.00194419661734192 0.00871024501622097 0.0173145505441039 0.0117496366742526 0.0104769444706808 0.0100916631247577 0.00753838626433338 0.00454138557252646 0.00242491273273473 0.00133971836035411 0.000880836655919716 0.000680255615699545 0.000565584450097519 0.000559732660991109 0.00136466459903063 0.0101952013036638 0.0276058410301629
9.10585267999221e-06 1.12337291306865e-05 1.36882527438538e-05 1.64782951796325e-05 1.96116936555758e-05 2.30882255035342e-05 2.69055360516565e-05 3.10566033634103e-05 3.55641816690875e-05 4.03950004898761e-05 4.55761692346817e-05 5.11455449955422e-05 5.7144645739272e-05 6.36674304118839e-05 7.08367066344738e-05 7.88485871882941e-05 8.78874693539953e-05 9.82256184200351e-05 0.000110197099729528 0.000124202428412002 0.000140710056175452 0.000160278610068635 0.000183546106225498 0.000211322481631087 0.00024443116660966 0.000283991645446811 0.000331350825507165 0.000389012997611998 0.000462110034933693 0.000562102383105083 0.000713984250885966 0.000983296938638739 0.00164536555286987 0.00453129558448335 0.0204880420930459 0.0207103755181873 0.00991373193080632 0.00936633302343784 0.00749312180596222 0.00487671115424982 0.00278864356082386 0.00160991571743219 0.00107214617309662 0.000825171105281133 0.000676989834872067 0.000580957487207044 0.0008278988918062 0.00704739568647194 0.0370153581252024
1.14555460568918e-05 1.41185861192266e-05 1.71851368113553e-05 2.06651314120357e-05 2.45640051280721e-05 2.88793051032326e-05 3.36045687012977e-05 3.87272721538147e-05 4.42633037975774e-05 5.01791897718416e-05 5.64993183755257e-05 6.32659544780566e-05 7.05272715446452e-05 7.83939584385062e-05 8.70130673096675e-05 9.66021396805304e-05 0.000107395176983651 0.000119693338768174 0.000133859563598394 0.000150314312059516 0.000169528939311946 0.000192052436308764 0.000218508764791097 0.000249726081959831 0.000286506343812472 0.000330091596794756 0.000382128336870359 0.000446294466792751 0.000530697575847697 0.000652842817056725 0.000846264140005112 0.0011892870966705 0.00222545727825811 0.00714270926836283 0.0205076924345284 0.0183807750208148 0.0101562085269175 0.00978045880848918 0.00815167800020085 0.00555247912657961 0.00331154619450751 0.00196891888341909 0.00132244340762696 0.00101263039208961 0.000823843091396677 0.000683341186108903 0.000767743565794162 0.00476464316516706 0.0260384619284715
1.42139371794984e-05 1.75017937130635e-05 2.1281650426427e-05 2.55644671511157e-05 3.03520532850078e-05 3.56393944115032e-05 4.1414978411932e-05 4.76597680361391e-05 5.43828172866849e-05 6.15512694617916e-05 6.91887589445949e-05 7.73470534499666e-05 8.60886613627406e-05 9.55541406374599e-05 0.000105935455765281 0.000117502270148564 0.000130577329873932 0.000145538343241845 0.000162824082224562 0.000182914584287035 0.000206309930534274 0.000233558803339878 0.000265277758537379 0.000302313973044895 0.000345414924554825 0.000395866379615125 0.000455489602387611 0.000529044768030959 0.000627680011688443 0.000775246479556492 0.00101456165081081 0.00143192168547699 0.00265724121564923 0.00819622655417127 0.0183503147473025 0.0158879752506454 0.0108296128926176 0.0109242936060414 0.00945177924335632 0.00666327549709098 0.00410397381862829 0.00249488397210355 0.00167202872779025 0.00125793896238039 0.00100864073990019 0.00082436133661217 0.000754204949553507 0.00190024749304373 0.0169689020248803
1.73979760032247e-05 2.14027065082978e-05 2.59993275277688e-05 3.1199643980158e-05 3.70003491557775e-05 4.33935164191557e-05 5.03616093385324e-05 5.78780795586078e-05 6.59457989725254e-05 7.45340498953787e-05 8.36690896359097e-05 9.34207132626552e-05 0.000103878170377926 0.00011523467381715 0.000127764277227154 0.000141846806885758 0.000157969692139168 0.000176681138465416 0.000198587083758549 0.000224292974990711 0.000254349921092344 0.000289276377674041 0.000329632823261457 0.000376229250944997 0.000429696088608595 0.000491233345756586 0.00056262405074757 0.00064927171085708 0.000764474755277215 0.000936693413627088 0.00121545979852886 0.00167961114284849 0.00259602802306383 0.00594732396784234 0.024490444113445 0.025326002845707 0.012417658516082 0.0133632789097332 0.0122837103340666 0.00898039098078878 0.0056630394524134 0.00345745963013738 0.00223755404283774 0.00159702371547199 0.00123749214919934 0.000995728540010185 0.000828725716504773 0.00178696863806936 0.0150453526290674
