data/All_Rasters_Scaled.asc
NCOLS 155 
NROWS 234 
XLLCORNER 671608.766412371 
YLLCORNER 2841800.37641243 
CELLSIZE 50 
NODATA_value -9999 
[rows 110 to 131 of 234, columns 49 to 97 of 155]
2.10105177649357e-05 2.58219819896236e-05 3.13355557095296e-05 3.75634330741129e-05 4.44955449244455e-05 5.21207859057216e-05 6.04146730412267e-05 6.93422912637673e-05 7.89018241622954e-05 8.90673861260826e-05 9.98728858324173e-05 0.000111419761773192 0.000123843227867356 0.000137427079054963 0.000152591726829028 0.000169930148745311 0.000190233234018946 0.000214390196509447 0.000243333605493705 0.000277886428426752 0.000318628486157298 0.000365891024734087 0.000419961051129065 0.000481404247640077 0.000550629622345608 0.000628684017115665 0.000717239932748542 0.000821858308161506 0.000956497652113644 0.00115111716114215 0.00145870526250113 0.00196417775603032 0.00287389139218739 0.00657577851403331 0.0178879473290272 0.021154914897091 0.01789911094925 0.0201379715737244 0.0197408551386234 0.0147821745014383 0.00910381559253466 0.0052949802079678 0.00316755358200177 0.0020661808922715 0.00151303443955653 0.00119469206268541 0.000979373378564057 0.00119220479984107 0.00427428904651581
2.50775935986385e-05 3.07883531148177e-05 3.73209036267521e-05 4.46867870590844e-05 5.28670503197004e-05 6.18467062641605e-05 7.15929578026323e-05 8.2061236239321e-05 9.32468848293001e-05 0.000105132531950306 0.000117766273922679 0.00013130141163098 0.000145947491583729 0.000162138909535063 0.000180546377017797 0.000202145341830626 0.000228263242778061 0.000260412357774976 0.000300103842629035 0.000348484897673948 0.000406023273300705 0.000472436254597444 0.000547164499172061 0.000630020390698844 0.000721031364699106 0.000821310551526359 0.000932945014488074 0.00106181481979238 0.00122144309860043 0.00144067636593877 0.00177797999825404 0.00237678398349626 0.00372247374958548 0.0100690665785814 0.0250894536687283 0.0460396243956349 0.0478054692532426 0.0440671789536724 0.0395406343711213 0.0287606742737564 0.0157044433951814 0.00807015287172119 0.00437556191538394 0.00261334415712563 0.00181315626395363 0.00141140765807399 0.00116149126673114 0.00124704217925242 0.00385686202204912
2.96399359960998e-05 3.63445897015521e-05 4.39977325799516e-05 5.26081766794914e-05 6.2145418216952e-05 7.25895573222598e-05 8.38986096527907e-05 9.60183563907334e-05 0.00010894599226806 0.000122681229744798 0.000137297237224287 0.000153027763664961 0.000170192188831807 0.000189453579902263 0.000211873730824929 0.000239048053632689 0.000273180535204421 0.000316817264855019 0.000372404239936138 0.000441547841078652 0.000524467075557507 0.000620040649689231 0.000726518581172596 0.000841357782329499 0.000961126793202729 0.00108582219136529 0.00122136960057809 0.00137839806918851 0.0015711590320431 0.00182639813894228 0.00221641376740017 0.00303442678246497 0.00553683156594087 0.0146365115201379 0.0256758220130131 0.0334692982561973 0.0589836140317736 0.0798890135786391 0.0886903844726388 0.0566343631929186 0.0240737222211498 0.0106226289964396 0.00533547840374867 0.003053925639474 0.0020835172242631 0.00162863459771871 0.00135990282486918 0.00129366898798871 0.00207078916216646
3.47357544611536e-05 4.25317801599743e-05 5.140830393197e-05 6.13684010522163e-05 7.23666507247549e-05 8.43763117321088e-05 9.7344567890481e-05 0.000111206862969377 0.000125966984080634 0.000141651560231009 0.000158371378468098 0.000176476017267208 0.000196439594977754 0.000219254713612422 0.000246556353509633 0.000280863967964353 0.000325693665896538 0.000385139567676975 0.000463020849357024 0.00056166728603394 0.000681680467436327 0.000823876698507653 0.000991530961354527 0.0011805711289075 0.00135516472716988 0.00148361256405742 0.00160543121596263 0.00177200937799396 0.00200032015603876 0.00230987205722806 0.00278809529924046 0.00408253528709398 0.00903465788089396 0.023048340651555 0.0438714834560391 0.0440986661797045 0.0781907500964617 0.143520463903323 0.166530318970591 0.082257668793076 0.0268083316069041 0.0111246866933037 0.00552205565818378 0.00322996720488171 0.00227640655618266 0.00182688288925752 0.00156437465963346 0.00148477091533154 0.00177992483447249
4.04506570075516e-05 4.94431400400698e-05 5.96501112665352e-05 7.1064248937395e-05 8.36211966975017e-05 9.72849068526954e-05 0.000111991510463149 0.000127668589534719 0.000144337464104419 0.000162070166442037 0.000181035293156057 0.000201737610149096 0.000224846370214595 0.00025177280551306 0.000284894044066059 0.000327950784551868 0.000386217968812299 0.000465876640262209 0.000572644468143588 0.000710562104418608 0.000885553096949833 0.00112170055954693 0.00149557613451107 0.00207264849381542 0.0025356631435301 0.00247069156505151 0.00224232075427092 0.0022569824315139 0.00248382268805842 0.00286210702225537 0.00347198889872944 0.00559155269504514 0.0142631128407385 0.0244743055186906 0.0373098744630259 0.0385882795388314 0.0667081426217871 0.136543678832909 0.147448923546933 0.064344306184558 0.0225573101266768 0.00971568629182986 0.00504863772809262 0.00317759733922778 0.00238761029829136 0.00199113997252249 0.00174723257750633 0.00167205846363135 0.00195932868192784
4.69699210687884e-05 5.72959338440221e-05 6.89712033958533e-05 8.1970668161037e-05 9.62050680175071e-05 0.000111625100379672 0.00012815662201355 0.000145726562700184 0.000164394050476433 0.000184307217520515 0.000205723881990545 0.00022933921735654 0.0002560347089646 0.000287671988783467 0.000327450212524951 0.000380513091592516 0.000454214495858164 0.000557251233104261 0.000697841560440278 0.000884265703346423 0.00114260081625202 0.00159884018262548 0.00274295561919118 0.00518598993454391 0.00713284774134792 0.0059138061766009 0.00373507658451736 0.0029127156284306 0.00298940223061556 0.00342705950157154 0.00419152645820364 0.0058305440261583 0.0101610892444433 0.0160820208018353 0.0248702729160074 0.0201213248888248 0.0284849052055318 0.0561763028709628 0.564769306535015 0.419542248625578 0.0176170347408127 0.00780273587189102 0.00438455986868911 0.00302901306401381 0.00243590107981113 0.00211145993803641 0.00189052600500877 0.0017849430101317 0.0020166329018323
5.45003685368133e-05 6.63300084816404e-05 7.96440980825044e-05 9.4390599617486e-05 0.00011044881642968 0.000127752565233137 0.000146222744482637 0.000165803557397102 0.00018662996542136 0.00020897848382493 0.000233246829482484 0.000260344301972616 0.000291332414717123 0.000328434412759895 0.000375561428838252 0.000439187797139376 0.00052877630388068 0.000655694259796466 0.000831141837751929 0.00107072580978869 0.00143953877364806 0.00227358243675351 0.00498163625766897 0.0114660083671208 0.0166885332147756 0.012895494855528 0.00641001589952308 0.00377112225888419 0.00349809023456917 0.00401757874485202 0.00503274195733875 0.0081348679364913 0.0122740979148526 0.0138020874626879 0.0239373224592994 0.019278223800732 0.03271227625649 0.0340410055965034 0.0586268880701612 0.0311844402129213 0.0113898720463122 0.00596270760886501 0.003774297373449 0.00285761747130336 0.00243307965343929 0.0021812238119926 0.00199212271401805 0.00186961665923526 0.00229321527336356
6.33702122643173e-05 7.69283601836174e-05 9.21048882677813e-05 0.000108807973081082 0.000126877153292319 0.000146226166909631 0.000166783142966139 0.000188544097981245 0.000211785855803952 0.000236998188179268 0.00026479892733768 0.000296318498110091 0.000332692024151352 0.000376238760803612 0.000431193793156064 0.000504930235219381 0.000608648736754323 0.000756152029986382 0.000961533557066789 0.00124743368245841 0.00171322610857442 0.0028353402768394 0.00645348633288498 0.0149146648417649 0.0216519886425658 0.0167059806353811 0.00816899974479871 0.00455508784810387 0.00422047861962414 0.00775176168318638 0.0116883435876338 0.0232894608444692 0.025434211683669 0.0151555534317507 0.0265146555029603 0.0262751780750032 0.0247207902817602 0.0198840414048871 0.0144847846714683 0.0110554499853153 0.00711415343520932 0.004577506203655 0.00329773215705186 0.00269434189521603 0.00238889645757684 0.00219865552309715 0.00205748680559912 0.00198956026999056 0.00239122909404748
7.4055597406863e-05 8.96593607985214e-05 0.000107017728170483 0.000125982132527986 0.000146340972503677 0.000167983965998205 0.000190864236982824 0.000215081919499792 0.000241151555810805 0.000269897754452694 0.000302272090393237 0.000339618090649085 0.000382956760571708 0.000434246289455372 0.000497363305240652 0.000579778657476318 0.000693670631830886 0.000854684488623319 0.0010791130001388 0.00139234316876642 0.00189981503292453 0.00302666673783519 0.00602455860718925 0.0121282266704539 0.0169173856339713 0.0139153870766456 0.00833609497383296 0.00608054816628507 0.00807902470017583 0.0379762625167558 0.0494807412075054 0.0450739622695059 0.0830755107990018 0.0354673349240612 0.047549298460726 0.0812675501158575 0.0385288958298431 0.022489874176341 0.012892747937075 0.00825581134477178 0.00544339324962133 0.00387503836349902 0.00304056381122447 0.00258055124714263 0.00232169996491988 0.00216833326877177 0.00209158225763289 0.00218974150341138 0.00350540121189302
8.72497968653804e-05 0.000105357942249526 0.000125366628669962 0.000147046974308284 0.00017011738635984 0.000194433533784591 0.00021998982007282 0.000247051427211214 0.000276485758100372 0.00030960099337979 0.000347824621738198 0.000392703636282316 0.000444909898704851 0.000505463516671504 0.000577009465195157 0.000666081157407663 0.000784836232204852 0.00095001232127579 0.00117959859858756 0.00149996009517451 0.00201563445083578 0.00311340562526098 0.00566951805060799 0.0102083990798391 0.0140321077710689 0.0132245873561146 0.01165999467105 0.016046944628099 0.0684814813601942 0.411106501554533 0.235873140598332 0.0593741073412713 0.133238758905905 0.0853788863043199 0.07570795234113 0.105225059732729 0.0998838940407913 0.0535346290974975 0.0191873510703402 0.00906965954671149 0.00533247609369438 0.00378965632811302 0.00302637790743903 0.00254023662810151 0.00224712696387793 0.00209645467156536 0.00208195053817483 0.0024178771205205 0.00405063018833648
0.000103589922074879 0.000124796121311108 0.000148068049791455 0.000173068654562358 0.000199420781363791 0.000226927626617249 0.000255630413736405 0.000286009110054509 0.00031938616099898 0.000357691927605248 0.000402970272053152 0.000456975412598642 0.000519823234863955 0.000591060155061644 0.000671266190409177 0.000765025036653587 0.000883471251440893 0.00104372420733341 0.00126559296787871 0.0015797188024823 0.00211113879095257 0.00339520198015979 0.00672882989805507 0.0119094552624437 0.0171316739992513 0.0321044855390148 0.0217334967150159 0.0434191683230046 0.171604484188895 1 0.534423448460025 0.0455930544515218 0.053465622197066 0.109861807811021 0.185286421797523 0.279360299641477 0.200876437187735 0.0935821471241767 0.02946582439899 0.0109033784253104 0.00572899107933026 0.00395327616669275 0.00311034294583873 0.00252227887313635 0.00215659714944983 0.00198522422330504 0.0020003102814953 0.00251408457301584 0.00511219926664962
0.000124103234134532 0.000149236247556356 0.000176635019859035 0.00020581460435857 0.000236256839997508 0.000267668295740121 0.000300105638000573 0.000334266508884748 0.000371969451444478 0.000415847378040124 0.000468668611319757 0.000532444977302339 0.00060668572239905 0.000689210648403889 0.000778056628750861 0.00087517854251796 0.000989899641890884 0.00113906494421881 0.00134437072906246 0.00164308386006662 0.00218791336634289 0.00373134670014733 0.00822930088864284 0.0142197860370997 0.023995589447191 0.0378541916151496 0.0247993754893465 0.0464527034790796 0.0697576817197511 0.207015013557497 0.140224664463731 0.0431578663586326 0.0375188772544983 0.0584392178833023 0.103055762573863 0.229569763484361 0.22676546495699 0.100901826613875 0.0315228964737639 0.0107167289071708 0.00552098337253276 0.00386265568600199 0.00303879267720231 0.00241885604685156 0.00202308187639651 0.00183919083441429 0.00185544624052934 0.00244158859242182 0.00504311247218467
0.000149788226119885 0.000179916959030354 0.000212572537117044 0.000247077151519031 0.000282710956433988 0.000319015052091556 0.000355984052377121 0.000394457069063218 0.000436671022875375 0.000485904739137399 0.000545654872235473 0.000618278492524762 0.000702882346559792 0.000795819754220243 0.000892778794125636 0.000993027627952826 0.0011036245344817 0.00124039324518318 0.00142625055563158 0.00170300943462716 0.00222202968957078 0.00361457618416387 0.00744445242546939 0.0161158779182974 0.0437749283747297 0.0371165273113642 0.0278258727889928 0.0332174758535455 0.0527759625374615 0.0525670710590245 0.0600180819767219 0.0675190185861458 0.0576559403702246 0.0639007129664548 0.0558367837501698 0.08477353011065 0.114498282992839 0.0608208105450415 0.0190262326331557 0.00766381361302981 0.00444524252898505 0.00333591028396286 0.00271327745440503 0.00220195272292654 0.00185610884483756 0.00168214463650994 0.0017039468429914 0.00443155237216553 0.0340060066237432
0.000181999660146042 0.000218505033784619 0.000257887925129258 0.000299223297047725 0.000341506260453371 0.000384008511660766 0.000426527987213852 0.000469883264323201 0.000516533272626076 0.000570216845297517 0.000635069648727803 0.000713939422702878 0.000806043721864374 0.000907148106334743 0.00101160781578804 0.00111664860846066 0.00122682640794616 0.00135603301372991 0.00152882978171499 0.00179737573361035 0.00227419959571967 0.00336200084757336 0.00600666593444234 0.0142604485093763 0.0285942936025943 0.0510837638203392 0.0719504336123886 0.0406822177727649 0.0364341819954052 0.0428723196970125 0.0699538009250673 0.076623807270054 0.0807880135595651 0.0834746865252569 0.0519244501337135 0.0332404350647724 0.0298300173108287 0.0194359184643937 0.00847026488423329 0.00468755036017164 0.00322791307542089 0.00268274312181673 0.00233964245922697 0.0020132347123539 0.00174192489818663 0.00157565509121694 0.00196463063850076 0.00556916710502458 0.0155992023063716
0.000222033948753123 0.000266717253773268 0.000314797415769498 0.000365039990572432 0.000416047561966602 0.000466679423813782 0.00051634324376986 0.000565592192637276 0.000616803258174197 0.000673875089675218 0.000741413151767266 0.000822965154714634 0.000918702332077751 0.00102539885004586 0.00113812069100059 0.00125349934519927 0.0013732135972406 0.0015089878965315 0.0017331247723828 0.00250969668497716 0.00342023237687715 0.00580739136364817 0.0118304643008898 0.0134749770522792 0.0250836815492339 0.0495136647307678 0.0499413904552189 0.0461533970899929 0.0449223790505593 0.0354368961950073 0.0432485003046099 0.0415531704595255 0.0521173843499215 0.0499607445603977 0.0380798482730077 0.0266984728224987 0.0125901452458447 0.0076905395137433 0.00475283994383388 0.00315126754235985 0.00248555746580693 0.00229908883134986 0.00221524857127206 0.00205086502652439 0.00179348033842667 0.00172621651933704 0.00911487597889401 0.0228783548743447 0.0120817920786829
0.000271387015143399 0.000326460345648591 0.000385690971160559 0.000447480730483751 0.000509944202976548 0.000571409813579105 0.000630747011223456 0.000688059534721279 0.00074538490634667 0.000806447063301439 0.000875976753482647 0.000958182271669818 0.00105499801848434 0.00116646332378397 0.00129193061949711 0.00143025299984321 0.00157919421736106 0.00175107254059378 0.00226749522955419 0.0056320832075137 0.00896722552130121 0.011379918506506 0.0162370098405894 0.0176168264777143 0.0265645399011414 0.0370830867210989 0.0471273466511409 0.0503633171296025 0.0450720879016203 0.0350876138437911 0.0322469949502087 0.0423536296782212 0.0397649121836383 0.0259091251582512 0.0259485766524255 0.0183226157552154 0.00992600509063955 0.00584955611305911 0.00366554139601082 0.00258356186079028 0.0022178601635954 0.00226798873230568 0.00241334582718024 0.00235989065943164 0.00205207578020527 0.00201996600909245 0.0166921311393376 0.0504498289025287 0.00974858916831956
0.000331780283989572 0.00039997850980665 0.000473487612948978 0.000550316386117601 0.000628026742816704 0.000704347201418654 0.000777563687052981 0.000847320435628375 0.000915253928301651 0.000984638866652614 0.00105970177970297 0.00114463115703997 0.00124338545627256 0.00136199353502508 0.00150969605839249 0.00169245354766996 0.00190351529366418 0.00219861041438726 0.0036538797846077 0.00688480280041191 0.00909608113194929 0.00981488685310035 0.0104160661148872 0.0129356600098886 0.0199433640712431 0.0279080128322242 0.0387849409463521 0.0425874193691461 0.0424093903274459 0.0396385287995979 0.110255245529841 0.0891474429772764 0.0455994962445998 0.0323385876245873 0.0208663125131134 0.016479212642541 0.00872808203245021 0.00497998631122562 0.00321539417410841 0.0023690623149331 0.00216117085844268 0.00242650410518165 0.00283294637331502 0.0029129728154034 0.00286231730514675 0.00872777143317415 0.00640237883784365 0.0155804640136303 0.0089389385450355
0.000405059102679481 0.00048969892025063 0.00058139393080684 0.000677780359402358 0.000775874074119716 0.000872864084184138 0.000966677296522931 0.00105693522437376 0.00114529892304136 0.00123443609020964 0.00132668194319582 0.0014238178271977 0.00153008968369173 0.00165905671958589 0.00183626886723633 0.00209198599180748 0.00300162197814553 0.00428745944327511 0.0160876205656621 0.0115042668369081 0.00709945248421394 0.00662494566128503 0.0100859906483836 0.0151196406148777 0.0188482412942578 0.0238580568059002 0.0378858224709046 0.046631784608501 0.0446591775831001 0.048289264430823 0.0672249726356652 0.0424352149516473 0.0547499196822589 0.0682944539163459 0.0236197786861304 0.012144731521002 0.00681225767152204 0.00429537254332849 0.00296819552643109 0.00226781547895227 0.00218572839918124 0.00280962943430917 0.00378180382184905 0.00422143285959655 0.00498413361947821 0.0230471736600553 0.00961919674158163 0.00485804826711314 0.00415962225713191
0.000493158152361319 0.000598075905978231 0.000712643276663221 0.000834221685414511 0.000959392352086377 0.00108504894728605 0.00120937113259017 0.00133304664750847 0.00145888973692665 0.00158892468225371 0.00172116939331178 0.00185065035430867 0.00197691569267043 0.00211594096097362 0.00231072957155886 0.00270140152052457 0.00882595940489725 0.0126856024574586 0.00839257736241594 0.00867653601791074 0.00658043884970287 0.00688734684188114 0.0118822356345573 0.0160566342482891 0.0157082388106126 0.0252070505044621 0.0374986146913213 0.0316980708747188 0.0355889964809569 0.106735800248514 0.090505584093824 0.119708070577118 0.14207676974225 0.198702831137177 0.0498227307595347 0.00877257133915987 0.00543070266590554 0.00398767144577335 0.00300994015890216 0.00234595902514026 0.00238799226358605 0.00369612869205948 0.00630581567736237 0.00995256940791462 0.0378397532372416 0.00697285365558902 0.00518863092607619 0.00509291697633235 0.00504030316457071
0.000597547674008559 0.000726929945676223 0.000869746645929982 0.00102329220596755 0.0011839384604376 0.00134868556792169 0.00151691951135387 0.00169211276370992 0.00188005416388169 0.00208228761918107 0.00229064340363549 0.00249346764838157 0.00268158039432449 0.00284237656231795 0.00301264107095952 0.00340166621538208 0.0101287411377588 0.020516999640581 0.0062067246337557 0.00592756051795291 0.00645467262462866 0.00785642466236099 0.0119625982599661 0.0136924656673255 0.0103876534626139 0.0140210366124803 0.0338253060691946 0.0301935962056015 0.063367042367551 0.280134406396739 0.0751431356367864 0.0405673104035949 0.0438880080556741 0.0708202544107539 0.0248109735894814 0.00680918220007758 0.00485935978602159 0.004135450721274 0.00346066593928266 0.00269642811694309 0.00270564600326166 0.00456643010779468 0.0116676420561158 0.0203750126825045 0.015818598503677 0.00539391954267951 0.00466309515561074 0.00547738681432032 0.00553424039596876
0.000719617004664749 0.000877646168486111 0.00105436313022424 0.0012473161978334 0.00145301438356881 0.00166903135500769 0.00189694400941395 0.00214496807915583 0.00242459876713704 0.00273856885325972 0.00307477977757271 0.00343491066130686 0.00381578526779015 0.00408734643397273 0.00420289340425309 0.00449209723769593 0.00618730769057309 0.0136048389686742 0.00675507463919639 0.00680381628339362 0.00832983451328023 0.0102812597452767 0.0100423245195241 0.00888669143791048 0.00772831143784383 0.00859200902821968 0.0146122713113187 0.0252376310678675 0.0870234035441381 0.997427074593465 0.0939740120975294 0.034097610070351 0.0239562097678783 0.0194270942132849 0.0100171022424736 0.00527625089208421 0.00446478694354685 0.00432239782224592 0.00391610569205741 0.00302920741298279 0.00271326690659725 0.00404114209860146 0.00698142475931105 0.00846904762233058 0.00594055496830149 0.00412226910344259 0.00405613434862886 0.00498202764866423 0.00517741972850765
0.000860103537083729 0.00105042127980202 0.00126627644338105 0.00150603069518711 0.00176701442995402 0.00204773614277668 0.00235204600791813 0.0026949527703818 0.00310347856718493 0.00359391706829846 0.00413539686012786 0.00474027503612575 0.00546538699980374 0.00601375226590251 0.00620226627738416 0.00659766992803806 0.00714029135174414 0.00713679396798827 0.00689582234206878 0.00765184297330073 0.00912894989637977 0.0106289110014508 0.00859446060805471 0.00701189535620976 0.00749860621716768 0.0635051423462478 0.0158157564305325 0.0207031868505495 0.0322152707351337 0.0499677608723679 0.0349200554089 0.0239272773555447 0.0140582771066057 0.00787521322550533 0.005434932112406 0.00425642958814234 0.0039431179545312 0.00394348286379628 0.00370704455101004 0.00290317322870655 0.00230138488712542 0.00263137193158077 0.00339566698138812 0.00345597238923965 0.00289226567334936 0.00267852669175993 0.00337346272389288 0.00451508023759574 0.00484178983130861
