data/All_Rasters_Scaled.asc
NCOLS 155 
NROWS 234 
XLLCORNER 671608.766412371 
YLLCORNER 2841800.37641243 
CELLSIZE 50 
NODATA_value -9999 
[rows 132 to 153 of 234, columns 49 to 97 of 155]
0.00102039773041626 0.00124626512000867 0.00150573771299426 0.00179893613589825 0.00212571720784048 0.00248589566892039 0.00288378860221162 0.0033479269300876 0.00397041119265066 0.00484465793734044 0.00577311816983215 0.00650668543576798 0.00728749027339516 0.00803145453590709 0.00859331516101352 0.00928072432239518 0.00950759913984181 0.00909313941568441 0.00867182855373831 0.00863757825090941 0.00881139983941048 0.00834819847105585 0.0216115209681011 0.00711077499481784 0.00830193982569556 0.010682921163426 0.0143238448737518 0.0180398698731945 0.0208596875921385 0.0245169384112301 0.0193543655076552 0.0154943346548417 0.00886614251297321 0.00564730526509795 0.00425743589388935 0.00344658461588931 0.00311472701871288 0.00309356766745272 0.00292879003865248 0.00239962537346601 0.00185364559508753 0.00166034938709319 0.00170068218427113 0.00164305311432903 0.00159085706308212 0.00197634835526444 0.00303157663014852 0.00428804652976801 0.00468086664077885
0.00120876216500665 0.00147468900646035 0.00178135260368802 0.00213188812423776 0.00253275419279579 0.00298656217726401 0.00349435025123424 0.00411337079325777 0.00511097482326075 0.00679729728933943 0.00846979808763343 0.00896134478182875 0.00895719926894769 0.00970663313084989 0.0100789922901288 0.0104143057530943 0.010166825456507 0.0103165001955088 0.0111635932922162 0.0104307648216682 0.00850616244044824 0.00700117474391395 0.00637549045600599 0.00712451766625485 0.00941878659828973 0.0126787243890968 0.0164961447915151 0.0184341568027518 0.0201239784479579 0.0300692290237982 0.0164983566892499 0.00922561539303872 0.00625922039983872 0.00453283735979154 0.00348318214258261 0.0027975079833709 0.00242985000446401 0.00228798109206619 0.0021550131829105 0.00189181553061588 0.00159154244616672 0.00139361889245483 0.00129771519438157 0.00124519081456466 0.00131991687103022 0.00178384817012573 0.0028349078167202 0.00408495903867018 0.00452183801606447
0.00144461653320018 0.00175936928910267 0.00211563597223362 0.00252085245044947 0.00299547687021411 0.00354477887141279 0.00417662038601005 0.0050126553405725 0.00637318564779418 0.00891498559566234 0.0113534349809501 0.0114748828886327 0.0109527753801189 0.0161315730562819 0.0128487828788544 0.00946549767727757 0.00883398112492867 0.0100831351099526 0.0134139496806479 0.0132672893704583 0.00873349238457973 0.00573879470561307 0.00531553272364814 0.00666326831560483 0.0375768390292285 0.0196578227957376 0.01965760376041 0.0197826011176231 0.0182351416631449 0.0227060997475104 0.0255810497356409 0.00843867711739512 0.00538154314898286 0.00392262244189718 0.00298046262688537 0.00235806633752767 0.0019630491405973 0.00174504087770142 0.00163181521060886 0.0015517570128864 0.0014904210617721 0.00144803940903723 0.00139570803166064 0.125708137623473 0.00133754966374702 0.00167862043439172 0.0025978002791932 0.00383443962691203 0.00437129835682426
0.00175839619772912 0.00213226694763226 0.00253858623281528 0.00307416441397809 0.00379752140197777 0.00423738832645404 0.00564666611283045 0.0116588312702934 0.00871214003087924 0.010112238980268 0.0947645141856758 0.0125776754928281 0.0115947149619312 0.014745469925717 0.0123715821009329 0.00885411262598338 0.00756402416989489 0.0085739736234355 0.0127799519248336 0.0145576121225325 0.0100126874238619 0.00575694366764703 0.00494530063079876 0.00648420693527034 0.0114982810682007 0.0178240518513641 0.0216081690094398 0.0209575030242674 0.018255271368828 0.0180284818315295 0.0156072078680592 0.00775833453838671 0.00502166765684998 0.00358577842469563 0.00281766080446261 0.00233632393936056 0.00188531852986303 0.00151844232305019 0.00136839235139695 0.00140255950608151 0.00152406666102489 0.0016266660850381 0.00161680152833372 0.00148649963370112 0.00136545602124669 0.00152962210161682 0.00234408398399034 0.00375731899365777 0.00460090842280891
0.00217745577597739 0.00260082346044162 0.00308243209991021 0.00472959975696127 0.00781047930933407 0.00614844642479192 0.00792645671994065 0.0246966910096066 0.0159556589622534 0.0148730642878597 0.01259682313028 0.012482766767219 0.0112318156152856 0.0107215036977759 0.0101526895987032 0.00844330468753411 0.00696496793495159 0.00672492855570317 0.0091721187073233 0.0116727956701154 0.00951377521793225 0.00604385346510728 0.00563055714170646 0.00918197888780956 0.045282099691897 0.0163399474677161 0.0196443395554878 0.0212382919513121 0.0185174692235975 0.0232469661955382 0.0164184967678716 0.00742553683978874 0.00470403950121878 0.00351460967251102 0.00331253903496798 0.00332459203736636 0.0026677879013273 0.00176782750883926 0.00139114004541457 0.00147523244298273 0.00174412658474573 0.00197554761955853 0.00198120932370336 0.00172641131714891 0.00140252887255465 0.00136473080335609 0.00212578543195892 0.00384777340248128 0.00510880377022852
0.00273989518398336 0.00312730067885727 0.00363786417280368 0.00623287287367685 0.0113382030488224 0.00790103605433524 0.00604268333170744 0.00867717427249247 0.0196810926062406 0.0229771236487603 0.0124313634847168 0.011849649641144 0.0105410805281299 0.00931574573729963 0.00839165902987429 0.00729579925287265 0.00626406072150495 0.0054779020859517 0.00588272560222219 0.00694587505633158 0.00623718894685401 0.00512344906470622 0.00668592141598454 0.0110934247863996 0.0183226283228162 0.0107946148175431 0.0153555129367866 0.0179039458848016 0.0154785964279403 0.0135827190936413 0.0105575889694211 0.00652772539482087 0.00427903466233342 0.00361310330623845 0.00437094377094552 0.00527760415338092 0.0043014772554003 0.00254793181493448 0.00185035535232285 0.00195388399331766 0.00232643121776518 0.00266802825669194 0.0026517686987802 0.00216910797159039 0.00152488804350349 0.00120182709359855 0.00171868280373176 0.00325794829472164 0.0044856401839598
0.00345842374465324 0.00371730936335666 0.00409566439030791 0.00565543425857877 0.00862409321528809 0.00726277967723299 0.00576594072326643 0.00642338019640848 0.00879928467227259 0.0106368662927353 0.010628614765147 0.0104142411197189 0.0095502975634424 0.00922329756838326 0.00899842638557296 0.00702818027374446 0.00609987893163386 0.00577745713399642 0.0049041745038225 0.00438146958542947 0.0396526152846845 0.00370819560858729 0.00600277491547678 0.0193752528601274 0.0317202903928721 0.00886565506960067 0.0128728713787787 0.0136963894518216 0.01138838099025 0.0142430325077727 0.0148474972994739 0.00561466765475298 0.00375619464223215 0.00343260517983073 0.00452497587666987 0.00575793605926461 0.00494184498943115 0.00349917822972115 0.00320345876854576 0.00331555772778755 0.00351173977110765 0.00377158815779828 0.00363233465288832 0.00281944787240717 0.00174798854113452 0.00105321588781151 0.00109496792619018 0.00186399030146759 0.00252547979616702
0.0046283425975941 0.00456382637022181 0.00471029861524286 0.00536585339711297 0.00666803188513782 0.00607970972777686 0.00528731172728645 0.00570817419519096 0.00666943451915182 0.00776259315967466 0.00847564561273244 0.00861381650860503 0.00854742546450427 0.0102730504089196 0.0119317537769446 0.00815734688583184 0.00732152917122547 0.00755434352656242 0.00516861612417146 0.00382684744952105 0.00304873768899373 0.00278545273675809 0.00387261461192283 0.00561545986244409 0.0060407990892784 0.00671170788854081 0.0116542952641029 0.0110687788236128 0.00896891676128993 0.0121582587478545 0.0116663466955512 0.00537646583827362 0.00380004569436009 0.00292009797177308 0.00323347087243796 0.00385458145135307 0.00390572979109689 0.00467372016437215 0.0060616361713475 0.00590148499057904 0.00525345820156742 0.0049988197586584 0.00461325609056095 0.00349118747984875 0.00200453950357431 0.000962015614324721 0.000613655803552141 0.000735921559075652 0.000899436929474014
0.00599767830452351 0.00568941390914834 0.00582531410886834 0.00578140470716542 0.0054997082198084 0.0050052054463759 0.00482277774440781 0.00507104531141452 0.00556320198308984 0.00617853011912419 0.00716116927851573 0.00849100052781051 0.00810037795156208 0.00852879579174104 0.00934532717644417 0.0071869728071016 0.00845847647471531 0.00893349767158983 0.00555840564802629 0.00492149355536305 0.00430784050097358 0.00381900167590033 0.00457727594725526 0.0140006088751219 0.0133645329767524 0.00380225848978057 0.00626040848695394 0.00602308505599951 0.00572775406834063 0.00914432096980168 0.0131977663007096 0.0106465271869809 0.00912672902178737 0.00413201168709311 0.00276441906150558 0.00257777762253799 0.00317258915032275 0.00808618284649752 0.0125525654264987 0.00918357766616408 0.0066255915461958 0.00566850097263176 0.00509505930341997 0.00390169020513657 0.00217864767825713 0.000920076184041784 0.000412075470755035 0.000295544356345084 0.000283871046974288
0.00598584545955996 0.00637620411619231 0.00698367570637672 0.00701104704315809 0.00617831557222541 0.00530962056517377 0.00491826413080922 0.00484065470765376 0.00497990058223468 0.00534366305374716 0.00715081043358481 0.0103901104285635 0.00860158464231718 0.00656493761184447 0.00651555726422262 0.00624151040614579 0.00671352839528026 0.0063597369684465 0.00583910480649399 0.00777538428419657 0.00740056726128223 0.00619180689164712 0.00671656795929396 0.0141165019032662 0.0120732272587612 0.00192231552672352 0.00235798801444432 0.00279079351824052 0.00310973813005189 0.00680841647411666 0.0180347674272837 0.0163541578334387 0.0193761649088687 0.00909992232935468 0.00677118001957731 0.00521030824202505 0.00576731867092178 0.0169239584891716 0.0178904339186072 0.00948831325878146 0.00619940086440963 0.00512050241116961 0.00479701730473884 0.00428198400892733 0.00244249996789876 0.00127767200316439 0.000918035071024611 0.000456442804410846 0.000578901562374683
0.00516457025441075 0.00649180225456151 0.00725492088716863 0.00721190917123467 0.00665071597549746 0.0060420338560536 0.00555988862491661 0.00524211279997642 0.00513237699852142 0.0052850199355183 0.00671900562499957 0.00823849049785969 0.00680222962379699 0.00651856047196267 0.00789160227458924 0.00880755953969087 0.0075901854262597 0.00530850698597737 0.0056394087722313 0.00813425661248264 0.00818853608018859 0.00658445958426204 0.00585001393280128 0.00413402654280154 0.00430365055264696 0.0087452870778981 0.00229720571102803 0.00438306701725533 0.00469109173053019 0.00326291922966726 0.00580133378007922 0.00913754793067487 0.0123578259642093 0.00689695656803786 0.00490607984186712 0.0034785188894343 0.00426069180017337 0.00974070210115347 0.00731620365040112 0.00491585878179129 0.00421116602745695 0.00380490352089881 0.0046709135498155 0.00669876505512394 0.00432166755487287 0.00483376496937699 0.00543312372442443 0.00294828934450439 0.0046847347687573
0.00479072362981266 0.00701689097751402 0.00711672171419432 0.00606117206780495 0.00594190508769801 0.00610388216132054 0.00612868656564556 0.00688768033214431 0.00743105491421054 0.00750716565097472 0.0104755979420274 0.00884322549297743 0.00621320233426451 0.00943720621258302 0.011799757163791 0.0112396030393313 0.00905851836863292 0.00585146997911854 0.00454404855736008 0.00523862304654959 0.00573449793267994 0.00491697280983057 0.00353138607300423 0.00216928840642995 0.00870450970184308 0.0256531518566038 0.00389421158499536 0.00753238074653904 0.00775298612657524 0.00338645380791983 0.00298421966624991 0.00668589044582551 0.00848651748508032 0.00453892591351951 0.00141004631760536 0.000592978285128469 0.000692668253459121 0.00127492530913282 0.00160171950972942 0.00214072808484759 0.00259327437196755 0.00283120104775872 0.00375569463125884 0.00583729686735531 0.00454132408105129 0.00800206071308825 0.00878046109938327 0.00649092072713639 0.0108937372801517
0.00419258842046832 0.0058303793008197 0.00548299106657594 0.00433138051489302 0.00440552846172337 0.00490103709205999 0.00569236864185687 0.00903735632431545 0.0116999318132253 0.0105202084363158 0.0125494190378785 0.00944602597526305 0.00608002481548177 0.0104784992624326 0.877124829396615 0.00874449621673564 0.00625611799782119 0.00440187128990062 0.00308868739876977 0.00276687849609109 0.00310921477924858 0.00289671191096302 0.00196540197499774 0.00130772685934134 0.0024219739339486 0.00847540233988905 0.00691877122990936 0.00613099720881487 0.00512976787483394 0.00216451877751802 0.00170855713267934 0.0039838639115843 0.0053553343152723 0.00323040909070148 0.000954090619934898 0.00212757923254675 0.00639762200095393 0.000931469555716067 0.000764944413250462 0.00117868453005331 0.00231461722420278 0.00248321136404976 0.00217431028504295 0.00193729139398564 0.00170706764756719 0.0036172286211897 0.00375232898288956 0.00496864674459211 0.0082628007261689
0.00417589909549469 0.0040752698673229 0.00328632010229251 0.00280900778691416 0.0028677150896755 0.00317132565760294 0.00382448788247733 0.00621455380018968 0.00861321326376829 0.00761387804675986 0.00619678635460754 0.00440716718709461 0.00346143951999406 0.00542549339538827 0.00613571409868787 0.00448450865104803 0.00332604943021227 0.0026703849062569 0.00197913926032014 0.00157667306687894 0.00155583093532739 0.00143175348160603 0.00106736229342311 0.0010118179864687 0.00388128535876522 0.0398840063592347 0.0187336373428777 0.00494135260878688 0.00188247309039687 0.000823059131193572 0.000653522421289188 0.00120623506735631 0.00177926862617538 0.00124884809859813 0.000494728148665869 0.00733036913183531 0.024301702089778 0.00402848472925912 0.00222287149440062 0.00151856440831477 0.010126265320408 0.0054459422283623 0.00139386687814851 0.000840120210286267 0.000529632471682826 0.000646491634135971 0.00071031591409647 0.00171368707021678 0.00272564285145102
0.00525173329836237 0.00407087390011231 0.00240127958391676 0.00192642782523112 0.00184570264698233 0.00190287120412495 0.00209260000887344 0.00258468688548023 0.0031861933537299 0.00308326201040362 0.00242150287334134 0.00196208233302413 0.00179560684380262 0.00207086187471375 0.00241647919935679 0.00255270503458948 0.00258369786018428 0.00225619695646606 0.0016224783809259 0.00114061614522757 0.000921847710801466 0.000777752144959102 0.000626613841521721 0.000672779127562038 0.00251850096257768 0.00994667071472678 0.0117497138752287 0.00557847835066312 0.00128164819006728 0.000418143405763002 0.000306848941286281 0.000315858424243048 0.000403257110709015 0.0332360220415322 0.000213998665250779 0.000884853575314371 0.00429657409573024 0.00824923041039953 0.00679310554564127 0.00194756473434706 0.00448714425646569 0.00240628530418592 0.000758359046554731 0.000511175996167643 0.000342788183784127 0.000274698858471896 0.000253676740923664 0.000341253113066524 0.000413246698209406
0.00410594468773404 0.00300374971783941 0.00178275456443769 0.00139608539631577 0.00125935135872713 0.00120518365289941 0.00120947032686764 0.00126014457631472 0.00132713067386958 0.0013443921613102 0.00129857719714122 0.00125539076911447 0.00124073122387519 0.00132541811384385 0.00162235438807907 0.00213618108200637 0.00248462185281423 0.00219285535092246 0.00148743737869752 0.00093522081622847 0.000661648777818061 0.000515042553195997 0.000409388080089571 0.000402008654225833 0.00141859666234399 0.00650091376511645 0.0246652558493492 0.00964496122083656 0.00127643499217477 0.000294366620668889 0.000252184983544414 0.000176588746962914 0.000156835929039312 0.00584528941259925 0.000165155891141137 0.000323805692461014 0.00217971323126488 0.00697017989852618 0.0058153058102302 0.00301023482425582 0.0087061892719168 0.00123237691126636 0.000419242846408536 0.000350028468353675 0.00029321256145485 0.00025738019966887 0.000230661115756695 0.000208485682390452 0.000187360106557347
0.0030799264345076 0.00178287384443424 0.00125839610885823 0.00103500520988094 0.000900662551075448 0.000818443904233905 0.00077417924338792 0.000759722350710979 0.000771088230758587 0.178494488180653 0.000860514060006947 0.000943387063668701 0.00106909864212173 0.00124513358709689 0.00148981736809247 0.0018117226597806 0.00198724042554212 0.00171283224894329 0.00115928116436796 0.00072485982618764 0.000496444131118597 0.000369310842828982 0.000282660377451443 0.000287389722714489 0.00128689348022604 0.00648337118981943 0.0283878168988757 0.0118813029390433 0.00227732713293873 0.000576704364244432 0.0275773089856823 0.00685658449710753 0.00012646040267408 0.000142643152347207 0.000169030737736514 0.000228180739845357 0.000633459705406533 0.00163614205601525 0.00142078331266645 0.00179888003053769 0.00695319613262033 0.000968733109144571 0.000317940971068995 0.000294551459779254 0.000270507198931777 0.00024734157608335 0.000224612733466883 0.000202411786187925 0.000181101427349817
0.00264327546929863 0.00130924159186574 0.000949478198243259 0.000781546887125939 0.000661372290601221 0.000580346668146627 0.000530974119169897 0.000509111599425837 0.000517229035202381 0.000563175622547235 0.000661657305832866 0.000846552353242309 0.0011549071904587 0.00150590659012955 0.00168059051802243 0.00161044883056823 0.00140712378937379 0.00110823314100883 0.000775238175963129 0.000525193920503562 0.000373877931389288 0.000274713782497805 0.000204749752667822 0.000237967941283868 0.00147076600743927 0.00754832903191039 0.0152667156558926 0.0208078516250956 0.012310098704931 0.011773278126664 0.000534634545103554 0.000132900765065444 0.000125926139378147 0.000153322471097642 0.00018814978950723 0.000226570880682128 0.000278778587817697 0.000352789890042398 0.000358460991835124 0.000701028288814726 0.00433321403807612 0.00179459818163047 0.000305661807962191 0.000269484089629285 0.000251146192793646 0.000231959702379537 0.000212492615030927 0.000193240509397643 0.000174429279687639
0.00144668771869062 0.000935131552599819 0.000728770762556197 0.000593492210231199 0.000491076194641658 0.00042007581464409 0.000376750217270477 0.00035928206573424 0.00037234532930755 0.000429097472464099 0.000559022984285386 0.000835804922584154 0.00134515362326372 0.00192598706151856 0.00209387764014412 0.00168714564392882 0.00112774131150771 0.000742809614191605 0.000519387745055288 0.000379593861365101 0.000282219473475483 0.000208015982338183 0.000153066294021325 0.000166201695061976 0.000908486724132344 0.00471890517755277 0.0109891361421907 0.0395246017032876 0.0211214473762527 0.0184087756353202 0.00104124838998262 0.000162114237202757 0.00013545712166132 0.00017247073973487 0.000216164233984015 0.000259200453934199 0.000294693097761988 0.000317395122016107 0.000326965574420434 0.00110591621403914 0.00882742083732911 0.00350829871713379 0.00030765141625837 0.000246234785635583 0.000228494733495731 0.000211632898564725 0.000195298299733242 0.000179278101315997 0.000163351725087949
0.000835776252744908 0.000679159260848841 0.000552344370480403 0.000445979154666403 0.000363023844440708 0.000305007647510742 0.000270335600686504 0.000258477368047302 0.000274574585098255 0.000332498236235978 0.000465671014115757 0.000761890654580541 0.00132670853713673 0.00197658220240726 0.00214097046000521 0.00162735629318371 0.00095764747537296 0.000550571216665265 0.000369639984926707 0.000276166069755901 0.000209362917755488 0.00015574273011514 0.000115974689496597 0.000133705203725153 0.000629138470536201 0.00254225574781735 0.00486497974777816 0.00613200575877629 0.00631425212821906 0.00346514943085573 0.000752839401182837 0.000178301068540865 0.00016026612662591 0.000196303693768138 0.000247318348464078 0.000296354237224768 0.000332996732364554 0.000350698983517728 0.000348305809363041 0.000391186827859576 0.00105303455528618 0.000785351279414793 0.00028451945662628 0.00022176117851642 0.000203401400590163 0.000188339257309841 0.000174873844538376 0.000161978195729739 0.00014895612751742
0.000596459678856579 0.000499433985782841 0.000407605107836334 0.00032745705737894 0.000264299281049213 0.000220272282510559 0.000194779339174402 0.000187519081096494 0.000202351458898983 0.000249758651121636 0.000353684770543331 0.000574078913897026 0.000980260965368116 0.00143793113064657 0.00154442763300428 0.00116737009862134 0.000680762247105401 0.00038623003146482 0.00025818163669179 0.000194292316592061 0.000149148779299243 0.00011297942066506 8.73228109789792e-05 0.0001280554079431 0.000712634243700171 0.00254340882518757 0.00351780857574871 0.00229351824231058 0.00148329130476285 0.000872730104583121 0.000661925321140261 0.000769420106178416 0.000430432892256149 0.000247291810628533 0.000276556815539521 0.000328953331239715 0.000365426388190609 0.000378673480977794 0.000367328920967199 0.000383588086141409 0.00249677180527567 0.00586820688143791 0.000998934288101863 0.00020213574781397 0.000177688916978135 0.000164042508313504 0.000153011170504575 0.000142862692623078 0.000132493019357574
0.000427304681772765 0.000356980764107469 0.000291320604538725 0.000234301568181992 0.000189776760805429 0.000159585582628657 0.000143311240954415 0.000140117134725054 0.000151580876547819 0.000183224257824646 0.00024606921871657 0.000362901534754687 0.000555216123360668 0.000756909340143221 0.00079397798354914 0.000614424222570371 0.000384316950880444 0.000238166189575406 0.000167919767439385 0.000129352101010023 0.000101486307686042 7.93504005463129e-05 6.46591838309931e-05 9.69563749007662e-05 0.000468524252227036 0.00157493481059807 0.00213911718773519 0.0011978351971947 0.000419983212746486 0.00068932398123222 0.00290988567404395 0.00426261778499067 0.00190921986230448 0.000460793438490111 0.000354853052466272 0.000387216251492744 0.000391294017150926 0.000391307229963338 0.000372695567020846 0.000386525987241774 0.0027643925797754 0.00656544704851835 0.00107524274015665 0.000177915933293301 0.000152607688804108 0.000140221588880076 0.000131186984748118 0.000123297378814468 0.000115178624561951
