data/All_Rasters_Scaled.asc
NCOLS 155 
NROWS 234 
XLLCORNER 671608.766412371 
YLLCORNER 2841800.37641243 
CELLSIZE 50 
NODATA_value -9999 
[rows 88 to 109 of 234, columns 98 to 146 of 155]
0.00114848593194261 0.00105323990090583 0.00103432992576124 0.000851365183281868 0.000566744204005655 0.000301521064036781 0.000127198763245389 4.2579543354736e-05 1.1685365010147e-05 3.05909152827451e-06 1.12399671263022e-06 6.71091065854328e-07 5.20583505016887e-07 4.14112132162506e-07 3.26628040626397e-07 2.55448692856782e-07 1.9809585097297e-07 1.52314726007062e-07 1.16127562906525e-07 8.77350315276769e-08 6.57964931841279e-08 4.89288774559256e-08 3.60804999065228e-08 2.63836810671245e-08 1.91321214295334e-08 1.37582704462961e-08 9.81169973598807e-09 6.50454273580435e-09 4.58821498862301e-09 3.2085312997248e-09 2.22438094287121e-09 1.15355967805748e-09 5.16752203444456e-10 0 0 0 0 0 0 0 0 0 0 0 0 0 0 0 0
0.0024959654590337 0.00199885042001353 0.0018441792742324 0.00157703685403681 0.0010933666791998 0.000602790607742171 0.000261066321857663 8.84429404762197e-05 2.38485828827687e-05 5.66758381128951e-06 1.68766612108569e-06 8.68947386934692e-07 6.52867343427429e-07 5.18865059188172e-07 4.0891230487873e-07 3.19560491093157e-07 2.47627172750626e-07 1.90275262303463e-07 1.44980114409652e-07 1.09455147976819e-07 8.20480423295941e-08 6.09870816814452e-08 4.49528997153557e-08 3.28578626493708e-08 2.38172957202338e-08 1.71208654771974e-08 1.2205236808529e-08 8.05990881764571e-09 5.68523419336559e-09 3.97559677613124e-09 2.75611141599604e-09 1.43014274983049e-09 6.37923079745776e-10 0 0 0 0 0 0 0 0 0 0 0 0 0 0 0 0
0.0105375131248841 0.00492008239333425 0.00283604989743976 0.00245599689785652 0.001756932857715 0.000998515742112085 0.000442483510176712 0.000151837642730421 4.08080341279788e-05 9.27865105399324e-06 2.4354914037282e-06 1.12012599065549e-06 8.11914808584877e-07 6.44668454502076e-07 5.07629193670553e-07 3.9640283671832e-07 3.06947167746281e-07 2.35700756537872e-07 1.79476172086669e-07 1.35396247673855e-07 1.01448210338138e-07 7.5374511045668e-08 5.55341844296443e-08 4.05755172958623e-08 2.93999212085323e-08 2.11259180812826e-08 1.50549698072652e-08 9.90316116475133e-09 6.98534596838484e-09 4.88470034895176e-09 3.38632633310255e-09 1.75843778468389e-09 7.81424946405261e-10 0 0 0 0 0 0 0 0 0 0 0 0 0 0 0 0
0.0136287892249901 0.00582569023920554 0.00396770826080032 0.00323784462192578 0.00230723802276048 0.00133412847107079 0.000601170116613116 0.000208520467713999 5.62174310177321e-05 1.2637630775177e-05 3.18394568006137e-06 1.41185227815344e-06 1.00156583026412e-06 7.94431030390754e-07 6.24978979530547e-07 4.87636508674278e-07 3.77293455013323e-07 2.89518481290481e-07 2.20306286632709e-07 1.66065319805895e-07 1.24373283918732e-07 9.23681686443618e-08 6.80266264759973e-08 4.96832007419851e-08 3.59853187238589e-08 2.58485261945515e-08 1.84140265774366e-08 1.20659656268691e-08 8.51092705187531e-09 5.9515227713098e-09 4.12591935091048e-09 2.14438761383515e-09 9.499024029093e-10 0 0 0 0 0 0 0 0 0 0 0 0 0 0 0 0
0.0115184682257731 0.00952280683445376 0.00541195045903485 0.00362729773803869 0.00243290101397127 0.00140535243093019 0.000639837594478914 0.000223921305029682 6.08788467154798e-05 1.39148149562577e-05 3.66452600820857e-06 1.71785770865626e-06 1.22562193017584e-06 9.71024570417087e-07 7.63127471831345e-07 5.94891055380069e-07 4.59881833331855e-07 3.52636683178149e-07 2.68142585473876e-07 2.01952163074821e-07 1.51186537062441e-07 1.1223534255206e-07 8.26252864957855e-08 6.03221180989876e-08 4.36749275388693e-08 3.13609891625548e-08 2.23335496687027e-08 1.45784492142447e-08 1.02832926182026e-08 7.19101368704659e-09 4.98528780224458e-09 2.59377198147801e-09 1.14600716507438e-09 0 0 0 0 0 0 0 0 0 0 0 0 0 0 0 0
0.0207964707649168 0.0151972850477781 0.0061579789499725 0.00330515467183251 0.00202788853484641 0.00115158687522076 0.000526243090746035 0.000185753515531371 5.14196968267487e-05 1.24378273131752e-05 3.78323837630662e-06 2.02798677357946e-06 1.48787964410512e-06 1.17727105367838e-06 9.24172978183659e-07 7.19726523643531e-07 5.55861065438383e-07 4.25906941855665e-07 3.23609720162324e-07 2.43507236681652e-07 1.82221841866672e-07 1.35221480023614e-07 9.95092263361576e-08 7.26218828859857e-08 5.25618228305666e-08 3.77296495880033e-08 2.68604533535045e-08 1.74678924050826e-08 1.23217725461521e-08 8.61675897292312e-09 5.97389779730462e-09 3.11199726525387e-09 1.37233674689449e-09 0 0 0 0 0 0 0 0 0 0 0 0 0 0 0 0
0.0340618211341141 0.0222424612061863 0.00631273952769836 0.00256454640756784 0.00145454538664777 0.000767417593649308 0.000337612744799268 0.000119329060688398 3.4408789952735e-05 9.51685162212833e-06 3.74292272983609e-06 2.36520409831725e-06 1.792006640837e-06 1.41583740246494e-06 1.11005979040861e-06 8.63563902259707e-07 6.6625680006045e-07 5.10080734933148e-07 3.87251718189596e-07 2.91116634815379e-07 2.17765258963733e-07 1.61536825487549e-07 1.18831756360411e-07 8.66934387963037e-08 6.27257177693072e-08 4.50113268187417e-08 3.20349554911619e-08 2.07573277100717e-08 1.46427371772863e-08 1.0240292434331e-08 7.0998125126414e-09 3.70387367626267e-09 1.63136955747028e-09 0 0 0 0 0 0 0 0 0 0 0 0 0 0 0 0
0.0199215449209428 0.015684085677313 0.0204912827386718 0.00387441940916132 0.00165858779098233 0.00062702750634513 0.00019630694787905 6.24198575881313e-05 1.96212228004085e-05 7.10172493015246e-06 3.8412561406801e-06 2.76530895739588e-06 2.141388418642e-06 1.68910919040837e-06 1.32247643878134e-06 1.02760496366856e-06 7.91908535571591e-07 6.05761468988572e-07 4.59495561074093e-07 3.45075143478104e-07 2.58035100667247e-07 1.91341935336395e-07 1.40710052668867e-07 1.02621662994666e-07 7.42276111824625e-08 5.32495860645506e-08 3.78879390280988e-08 2.44640877270194e-08 1.72585759888088e-08 1.20703985119548e-08 8.36920571241019e-09 4.37337972458839e-09 1.92539684107008e-09 0 0 0 0 0 0 0 0 0 0 0 0 0 0 0 0
0.0183802130695234 0.0143020050766787 0.0157819082909281 0.0102210088718356 0.00405324963541031 0.00147795927571667 0.000200859925941175 3.27441123456541e-05 1.16308954715058e-05 6.11148810907095e-06 4.22049287389231e-06 3.24835200404548e-06 2.53894355207705e-06 1.99904517399308e-06 1.56274282382517e-06 1.21274498286184e-06 9.33402090834216e-07 7.13353798455938e-07 5.40613666640723e-07 4.05558913777445e-07 3.03162083152953e-07 2.24733035194648e-07 1.65214479821386e-07 1.20457688613633e-07 8.71044831596741e-08 6.24709424503579e-08 4.44383289078661e-08 2.85983960004782e-08 2.01767053738246e-08 1.41124124201349e-08 9.78588661294722e-09 5.12343663698533e-09 2.25646028885242e-09 0 0 0 0 0 0 0 0 0 0 0 0 0 0 0 0
0.0187959062139274 0.0136835372846674 0.0124676156268105 0.0257233939726534 0.015255042150153 0.00697844489140099 0.000640095566926769 2.56700346468869e-05 9.15575138504027e-06 6.31668995873417e-06 4.85022294740293e-06 3.81502337803326e-06 2.98697247050591e-06 2.34704283693629e-06 1.83168332176569e-06 1.41947910060457e-06 1.09099963787008e-06 8.33011793915221e-07 6.30686275417358e-07 4.7259868312285e-07 3.531694923371e-07 2.61727836056254e-07 1.92358488859003e-07 1.40211761456354e-07 1.01364045448499e-07 7.2681282518815e-08 5.16905494545507e-08 3.31620691743555e-08 2.33986611754864e-08 1.63676003305674e-08 1.13508688364892e-08 5.95569411788769e-09 2.62629200486322e-09 0 0 0 0 0 0 0 0 0 0 0 0 0 0 0 0
0.0135822047196957 0.0199770739672391 0.00801898029446162 0.0133932023671557 0.0251039369309247 0.0122763457200181 0.00107588806401381 2.58762271068225e-05 9.38083820179072e-06 7.17258556221663e-06 5.65316473362559e-06 4.46026833703124e-06 3.48746735255158e-06 2.73409443322213e-06 2.12973778986321e-06 1.64793574557365e-06 1.26463060665536e-06 9.64619464108311e-07 7.2956676831722e-07 5.46056215357392e-07 4.07956157762389e-07 3.02253028377825e-07 2.22089645377365e-07 1.61846719940017e-07 1.16980334252322e-07 8.38626247484191e-08 5.96323481669269e-08 3.81474160474906e-08 2.69193376142168e-08 1.88326166049912e-08 1.3061999291883e-08 6.87035377881298e-09 3.03626410315639e-09 0 0 0 0 0 0 0 0 0 0 0 0 0 0 0 0
0.00945488433843115 0.0168728047633132 0.0041839069013967 0.0103598413621199 0.0255615681590829 0.00750273512286201 0.000586845239849573 2.19797203356847e-05 1.06493742675288e-05 8.33146633067895e-06 6.57829391371598e-06 5.17891751721316e-06 4.04023424022931e-06 3.15964723738446e-06 2.45622518355546e-06 1.89745304984373e-06 1.45368035858188e-06 1.10767049103039e-06 8.36851449738156e-07 6.25604959749686e-07 4.67282261886659e-07 3.46134214344261e-07 2.54282260219124e-07 1.85272913287068e-07 1.33890032425344e-07 9.59706916543046e-08 6.82330629723352e-08 4.35364687959784e-08 3.07264239739993e-08 2.14991245429496e-08 1.49136927836285e-08 7.86603301848398e-09 3.48735125342489e-09 0 0 0 0 0 0 0 0 0 0 0 0 0 0 0 0
0.00302198036927834 0.00325841778437881 0.012504629904122 0.00394622574266334 0.00557763362835453 0.00521796280857697 0.0013272603894632 7.11555043063458e-05 1.26856955362518e-05 9.67317518298867e-06 7.61035026792491e-06 5.97097574013343e-06 4.64648378202244e-06 3.62438043111224e-06 2.8115288164191e-06 2.16828436418358e-06 1.65828521214289e-06 1.26228776952885e-06 9.52648969025859e-07 7.11348360558264e-07 5.31259631898294e-07 3.93481714408186e-07 2.89038983182141e-07 2.10582019519533e-07 1.52172366873199e-07 1.09072279572109e-07 7.75477856090987e-08 4.93796790968901e-08 3.4859180994508e-08 2.43973444695734e-08 1.69289724053162e-08 8.96317892600614e-09 3.99712725961213e-09 1.22474055923572e-11 8.74559013715424e-12 6.19921556941197e-12 0 0 0 0 0 0 0 0 0 0 0 0 0
0.00368088172369514 0.00160802709878502 0.0033480267976294 0.00201417975104718 0.00631795059358717 0.0117837747663604 0.00405763976766341 0.00024351244133049 2.27112255332512e-05 1.34510673320863e-05 9.41212220018048e-06 6.95081728987868e-06 5.31295015532913e-06 4.1233473187289e-06 3.19058539882514e-06 2.45617806381906e-06 1.87491337872344e-06 1.42564970403913e-06 1.07471867313336e-06 8.01542768374474e-07 5.9855006728331e-07 4.43275030138829e-07 3.25586804032566e-07 2.37192205775962e-07 1.71392301889984e-07 1.22844166286711e-07 8.73378902260663e-08 5.55108402986056e-08 3.91956555381928e-08 2.74384183557798e-08 1.90435305036076e-08 1.01194248314058e-08 4.53842250844584e-09 1.71182651808789e-11 1.22237583417728e-11 8.6646769956992e-12 0 0 0 0 0 0 0 0 0 0 0 0 0
0.0070765978533791 0.00202698187221976 0.00149356150322409 0.0138885543513257 0.00813942818019762 0.0126944069594806 0.0065940536009178 0.00115902812919183 0.000214065991683451 3.4992573242532e-05 1.56336973548096e-05 8.77167424951037e-06 6.10711057597788e-06 4.65856922734557e-06 3.5913435785281e-06 2.75953536513576e-06 2.10233470446093e-06 1.59684195251335e-06 1.2023880647994e-06 8.95726354991126e-07 6.68840988860072e-07 4.95308368826948e-07 3.63794417597957e-07 2.65023176738092e-07 1.91503525897559e-07 1.37262024864431e-07 9.75927885801439e-08 6.19393866216049e-08 4.37454598943047e-08 3.06312838841287e-08 2.12652277874363e-08 1.13459505427816e-08 5.1236087130576e-09 2.37507918497118e-11 1.69598900505377e-11 1.20218324750894e-11 0 0 0 0 0 0 0 0 0 0 0 0 0
0.0174741267571373 0.00513111889191622 0.00104788789835129 0.00415019341465763 0.0122243598394518 0.0259543451811768 0.0140133802505569 0.00772308152055387 0.00141823781245784 0.000140907841597766 4.00472419322e-05 1.38608731586643e-05 7.2839687292684e-06 5.24175376774786e-06 4.00963314927512e-06 3.07504364108343e-06 2.33794938529427e-06 1.77388307524516e-06 1.33415698311371e-06 9.92810873658765e-07 7.41335251227421e-07 5.4900306175618e-07 4.03245444300603e-07 2.93778050671357e-07 2.12296356068911e-07 1.52179051300922e-07 1.08210639031741e-07 6.86101098979834e-08 4.84703674918031e-08 3.3949739262242e-08 2.35762813504673e-08 1.26359962956228e-08 5.75270856009377e-09 3.27113918016366e-11 2.33584489744515e-11 1.65573826614855e-11 0 0 0 0 0 0 0 0 0 0 0 0 0
0.0192866189580433 0.00821132293574788 0.00202812215756778 0.00707511801838897 0.0194596784113266 0.0114200423673212 0.0123531678727542 0.0115877695671368 0.00280483287482417 0.000517866560414425 0.000104677622673716 2.52241425537138e-05 9.15341775269948e-06 5.88689791242609e-06 4.44036496037258e-06 3.39872686255551e-06 2.57870669224301e-06 1.95446815005876e-06 1.46829262716508e-06 1.09155795195612e-06 8.1512601862107e-07 6.03700911957379e-07 4.43466714322344e-07 3.23119674903683e-07 2.33532591178418e-07 1.6742857322624e-07 1.19075806460289e-07 7.54609497365406e-08 5.33273952688136e-08 3.73643106840686e-08 2.5956680714525e-08 1.39817767177836e-08 6.4255392722338e-09 4.47221484847606e-11 3.19350530247712e-11 2.26368136411158e-11 0 0 0 0 0 0 0 0 0 0 0 0 0
0.0288232321996237 0.019011334640134 0.00581569450816817 0.00762683703852057 0.0167259487576259 0.00592494555930793 0.0139013777925353 0.0169770368533187 0.00698340325874584 0.00150245521276934 0.000204084483354981 3.91649956571489e-05 1.13257357854811e-05 6.59666447439122e-06 4.90451058194543e-06 3.74404702866293e-06 2.83277784508495e-06 2.1432155686068e-06 1.60715799694397e-06 1.19306898632654e-06 8.90576551334489e-07 6.59401590688197e-07 4.84308375943324e-07 3.52860310159717e-07 2.55037792318189e-07 1.8286179363556e-07 1.30070073748035e-07 8.24250824064434e-08 5.82702316471982e-08 4.08432231471281e-08 2.83848504508857e-08 1.5374796730333e-08 7.141769966881e-09 6.06944504291892e-11 4.33405036315971e-11 3.07214411785178e-11 0 0 0 0 0 0 0 0 0 0 0 0 0
0.0501264788978062 0.0268646883194794 0.0129760136782607 0.00622069845927822 0.00671393684230514 0.00347461103886057 0.0121184679284595 0.0263404470118928 0.00852707582580771 0.00193763857395678 0.0002537243463221 4.46010510549786e-05 1.2592441413831e-05 7.28818101454169e-06 5.39255051226991e-06 4.1018125033827e-06 3.09312403184702e-06 2.33509590172204e-06 1.74726984812202e-06 1.29505932703893e-06 9.66153923803471e-07 7.1508287362054e-07 5.25089138044516e-07 3.82535279131933e-07 2.76503407400338e-07 1.98277070191771e-07 1.41062875392818e-07 8.94331912140606e-08 6.32508699710919e-08 4.43535715971226e-08 3.08384532019485e-08 1.68061854265003e-08 7.90098243925275e-09 8.1766973990125e-11 5.83879033758321e-11 4.13876294896137e-11 0 0 0 0 0 0 0 0 0 0 0 0 0
0.0267768784929312 0.0132024656857101 0.0135850333275537 0.00545992188884231 0.0025270550102701 0.00217244309864351 0.00345077411537305 0.00547322379656677 0.00424970771710437 0.00126296981785108 0.000207581320083585 3.94663901474922e-05 1.28763327849721e-05 7.99651995807445e-06 5.9212549942759e-06 4.47845787025405e-06 3.362646294161e-06 2.53136056193886e-06 1.88899319428522e-06 1.39751681062645e-06 1.04160303196672e-06 7.70409662722001e-07 5.65481984176211e-07 4.11871095582794e-07 2.97709535189896e-07 2.1350151181553e-07 1.5192342673091e-07 9.64160964417387e-08 6.822142686301e-08 4.78625228921422e-08 3.3295223522501e-08 1.82670684751152e-08 8.70272338447209e-09 1.09347662338369e-10 7.80826412212638e-11 5.53480298753979e-11 0 0 0 0 0 0 0 0 0 0 0 0 0
0.019169918012707 0.00771963799794414 0.00828727074254498 0.0059975396120722 0.0030891492580979 0.00218359258031544 0.00308189640592759 0.00392322209599085 0.00192861032375691 0.000627407283530761 0.000145794155633319 3.39492309443879e-05 1.3853208640424e-05 9.0327114526859e-06 6.5821932362749e-06 4.91524380041444e-06 3.66310343049218e-06 2.74397029165008e-06 2.038823436307e-06 1.50383153775247e-06 1.11848907292884e-06 8.25981584033565e-07 6.05629643307412e-07 4.4080551762793e-07 3.18538485926628e-07 2.28410333390943e-07 1.62538284257389e-07 1.03307364740182e-07 7.3135953731156e-08 5.1338641045252e-08 3.57338650723744e-08 1.97489328191496e-08 9.54654591841103e-09 1.45158941578426e-10 1.03654651761906e-10 7.34744630004761e-11 0 0 0 0 0 0 0 0 0 0 0 0 0
0.0090955371343733 0.00541397878002981 0.0129627171566508 0.0128546079618092 0.00467635980937578 0.00189585421889043 0.00511063908878316 0.00792962465301932 0.001900219215942 0.000393030562218299 0.000111179203026621 3.57591372772784e-05 1.7433473163534e-05 1.08813234711927e-05 7.50735660556938e-06 5.45534862869235e-06 4.01300297749376e-06 2.9822780297903e-06 2.20189651587502e-06 1.61672439924258e-06 1.1980709107174e-06 8.82284025630624e-07 6.45637696521907e-07 4.6927027643994e-07 3.3887911730204e-07 2.42884105562854e-07 1.72807839041105e-07 1.1004586373044e-07 7.7952220881534e-08 5.47530652179023e-08 3.81348724723116e-08 2.12439862376588e-08 1.04320331204367e-08 1.91284919941682e-10 1.36592137530629e-10 9.68218512315926e-11 0 0 0 0 0 0 0 0 0 0 0 0 0
